俛俽挬擔侾	BS Digital	4	16400	151	1	0	1	1
俛俽挬擔俀	BS Digital	4	16400	152	1	0	0	1
俛俽挬擔俁	BS Digital	4	16400	153	1	0	0	1
俛俽挬擔僨乕僞俈俆俁	BS Digital	4	16400	753	192	0	0	0
俛俽挬擔僨乕僞俈俆俆	BS Digital	4	16400	755	192	0	0	0
俛俽挬擔僨乕僞俈俆俇	BS Digital	4	16400	756	192	0	0	0
俛俽挬擔僨乕僞俈俆俈	BS Digital	4	16400	757	192	0	0	0
俛俽亅俿俛俽	BS Digital	4	16401	161	1	0	1	1
俛俽亅俿俛俽	BS Digital	4	16401	162	1	0	0	1
俛俽亅俿俛俽	BS Digital	4	16401	163	1	0	0	1
俛俽亅俿俛俽	BS Digital	4	16401	169	161	0	0	0
俛俽亅俿俛俽	BS Digital	4	16401	766	192	0	0	0
俧僈僀僪	BS Digital	4	16401	768	192	0	0	0
俛俽僥儗搶	BS Digital	4	16402	171	1	0	1	1
俛俽僥儗搶俀	BS Digital	4	16402	172	1	0	0	1
俛俽僥儗搶俁	BS Digital	4	16402	173	1	0	0	1
俛俽僥儗搶椪帪	BS Digital	4	16402	179	161	0	0	0
姅壙忣曬	BS Digital	4	16402	777	192	0	0	0
778ch	BS Digital	4	16402	778	192	0	0	0
倂俷倂俷倂僾儔僀儉	BS Digital	4	16432	191	1	0	1	1
偛埬撪僠儍儞僱儖	BS Digital	4	16432	791	192	0	0	0
僾儗儈傾儉僫價	BS Digital	4	16432	792	192	0	0	0
俶俫俲俛俽僾儗儈傾儉	BS Digital	4	16433	103	1	0	1	1
俶俫俲俛俽僾儗儈傾儉	BS Digital	4	16433	104	1	0	0	1
俛俽侾侾僀儗僽儞	BS Digital	4	16528	211	1	0	1	1
僗僞乕僠儍儞僱儖侾	BS Digital	4	16529	200	1	0	1	1
僗僞乕僠儍儞僱儖	BS Digital	4	16529	800	192	0	0	0
俛俽侾俀僩僁僄儖價	BS Digital	4	16530	222	1	0	1	1
俛俽擔僥儗	BS Digital	4	16592	141	1	0	1	1
俛俽擔僥儗	BS Digital	4	16592	142	1	0	0	1
俛俽擔僥儗	BS Digital	4	16592	143	1	0	0	1
俛俽擔僥儗椪帪	BS Digital	4	16592	144	161	0	0	0
丂	BS Digital	4	16592	744	192	0	0	0
丂	BS Digital	4	16592	745	192	0	0	0
丂	BS Digital	4	16592	746	192	0	0	0
俛俽僼僕丒侾俉侾	BS Digital	4	16593	181	1	0	1	1
俛俽僼僕丒侾俉俀	BS Digital	4	16593	182	1	0	0	1
俛俽僼僕丒侾俉俁	BS Digital	4	16593	183	1	0	0	1
俛俽僼僕丒侾俉俉	BS Digital	4	16593	188	161	0	0	0
俛俽僼僕丒侾俉俋	BS Digital	4	16593	189	161	0	0	0
俛俽僼僕丒俈俉侽	BS Digital	4	16593	780	192	0	0	0
俛俽僼僕丒俈俉侾	BS Digital	4	16593	781	192	0	0	0
俶俫俲俛俽侾	BS Digital	4	16625	101	1	0	1	1
俶俫俲俛俽侾	BS Digital	4	16625	102	1	0	0	1
俶俫俲僨乕僞侾	BS Digital	4	16625	700	192	0	0	0
俶俫俲僨乕僞俀	BS Digital	4	16625	701	192	0	0	0
俈侽俈僠儍儞僱儖	BS Digital	4	16625	707	192	0	0	0
俢倫倎僟僂儞儘乕僪	BS Digital	4	16625	929	164	0	0	0
僗僞乕僠儍儞僱儖俀	BS Digital	4	16626	201	1	0	1	1
僗僞乕僠儍儞僱儖俁	BS Digital	4	16626	202	1	0	1	1
倂俷倂俷倂儔僀僽	BS Digital	4	17488	192	1	0	1	1
倂俷倂俷倂僔僱儅	BS Digital	4	17489	193	1	0	1	1
俛俽僗僇僷乕両	BS Digital	4	18097	241	1	0	1	1
僗僇僷乕両僈僀僪	BS Digital	4	18097	840	192	0	0	0
俛俽僗僇僷乕両僨乕僞	BS Digital	4	18097	841	192	0	0	0
曻憲戝妛倕倶	BS Digital	4	18098	231	1	0	1	1
曻憲戝妛倧値	BS Digital	4	18098	232	1	0	1	1
曻憲戝妛儔僕僆	BS Digital	4	18098	531	2	0	0	0
俛俽掁傝價僕儑儞	BS Digital	4	18099	251	1	0	1	1
俛俽傾僯儅僢僋僗	BS Digital	4	18130	236	1	0	1	1
俰丂俽俹俷俼俿俽丂係	BS Digital	4	18224	245	1	0	1	1
俰丂俽俹俷俼俿俽丂侾	BS Digital	4	18225	242	1	0	1	1
俰丂俽俹俷俼俿俽丂俀	BS Digital	4	18226	243	1	0	1	1
俰丂俽俹俷俼俿俽丂俁	BS Digital	4	18227	244	1	0	1	1
倂俷倂俷倂僾儔僗	BS Digital	4	18256	252	1	0	1	1
擔杮塮夋愱栧們倛	BS Digital	4	18257	255	1	0	1	1
僌儕乕儞僠儍儞僱儖	BS Digital	4	18258	234	1	0	1	1
僨傿僘僯乕們倛	BS Digital	4	18288	256	1	0	1	1
俛俽傛偟傕偲	BS Digital	4	18801	265	1	0	1	1
俛俽俰倎倫倎値倕倶倲	BS Digital	4	18802	263	1	0	1	1
俛俽徏抾搶媫	BS Digital	4	18803	260	1	0	1	1
-	僗僇僷乕両丂俠俽侾	6	24608	1	165	0	0	1
俿俛俽僠儍儞僱儖侾	僗僇僷乕両丂俠俽侾	6	24608	296	1	0	1	1
僥儗挬僠儍儞僱儖侾	僗僇僷乕両丂俠俽侾	6	24608	298	1	0	1	1
僥儗挬僠儍儞僱儖俀	僗僇僷乕両丂俠俽侾	6	24608	299	1	0	1	1
僨傿僘僯乕僕儏僯傾	僗僇僷乕両丂俠俽侾	6	24608	339	1	0	1	1
僔儑僢僾僠儍儞僱儖	僗僇僷乕両丂俠俽侾	6	24704	55	1	0	1	1
搶塮僠儍儞僱儖	僗僇僷乕両丂俠俽侾	6	24704	218	1	0	1	1
俵値倕倲	僗僇僷乕両丂俠俽侾	6	24704	318	1	0	1	1
擔僥儗俶俤倂俽俀係	僗僇僷乕両丂俠俽侾	6	24704	349	1	0	1	1
僗僇僷乕両僀儞僼僅	僗僇僷乕両丂俠俽侾	6	24736	101	192	0	0	0
塹惎寑応	僗僇僷乕両丂俠俽侾	6	24736	219	1	0	1	1
俲俛俽丂倂倧倰倢倓	僗僇僷乕両丂俠俽侾	6	24736	317	1	0	1	1
僗億乕僣儔僀僽亄	僗僇僷乕両丂俠俽侾	6	24736	800	1	0	1	1
僗僇僠儍儞侾	僗僇僷乕両丂俠俽侾	6	24736	801	1	0	1	1
亅	僗僇僷乕両丂俠俽俀	7	28736	100	165	0	0	1
僗僇僀俙	僗僇僷乕両丂俠俽俀	7	28736	250	1	0	1	1
帪戙寑愱栧們倛	僗僇僷乕両丂俠俽俀	7	28736	292	1	0	1	1
僄儞僞儊乣僥儗	僗僇僷乕両丂俠俽俀	7	28736	301	1	0	1	1
俵俿倁	僗僇僷乕両丂俠俽俀	7	28736	323	1	0	1	1
儂乕儉僪儔儅俠俫	僗僇僷乕両丂俠俽俀	7	28768	294	1	0	1	1
儈儏乕僕僢僋丒僄傾	僗僇僷乕両丂俠俽俀	7	28768	324	1	0	1	1
壧梬億僢僾僗	僗僇僷乕両丂俠俽俀	7	28768	329	1	0	1	1
僇乕僩僁乕儞	僗僇僷乕両丂俠俽俀	7	28768	331	1	0	1	1
僨傿僗僇僶儕乕	僗僇僷乕両丂俠俽俀	7	28768	340	1	0	1	1
傾僯儅儖僾儔僱僢僩	僗僇僷乕両丂俠俽俀	7	28768	341	1	0	1	1
俠俶俶倞	僗僇僷乕両丂俠俽俀	7	28768	354	1	0	1	1
埻岄丒彨婝僠儍儞僱儖	僗僇僷乕両丂俠俽俀	7	28768	363	1	0	1	1
俧俙俷俼俙	僗僇僷乕両丂俠俽俀	7	28864	254	1	0	1	1
僄儉僆儞両	僗僇僷乕両丂俠俽俀	7	28864	325	1	0	1	1
僉僢僘僗僥乕僔儑儞	僗僇僷乕両丂俠俽俀	7	28864	330	1	0	1	1
僫僔儑僕僆	僗僇僷乕両丂俠俽俀	7	28864	343	1	0	1	1
僓丒僔僱儅	僗僇僷乕両丂俠俽俀	7	28896	227	1	0	1	1
僼傽儈儕乕寑応	僗僇僷乕両丂俠俽俀	7	28896	293	1	0	1	1
僗乕僷乕両僪儔儅俿倁	僗僇僷乕両丂俠俽俀	7	28896	310	1	0	1	1
僸僗僩儕乕僠儍儞僱儖	僗僇僷乕両丂俠俽俀	7	28896	342	1	0	1	1
俽俲倄丂俽俿俙俧俤	僗僇僷乕両丂俠俽俀	7	28928	290	1	0	1	1
俙倃俶丂奀奜僪儔儅	僗僇僷乕両丂俠俽俀	7	28928	311	1	0	1	1
俙倃俶儈僗僥儕乕	僗僇僷乕両丂俠俽俀	7	28928	316	1	0	1	1
僗儁僔儍僾儔僗	僗僇僷乕両丂俠俽俀	7	28928	321	1	0	1	1
俙俿亅倃	僗僇僷乕両丂俠俽俀	7	28928	333	1	0	1	1
俛俛俠儚乕儖僪	僗僇僷乕両丂俠俽俀	7	28928	353	1	0	1	1
儉乕價乕僾儔僗	僗僇僷乕両丂俠俽俀	7	28960	240	1	0	1	1
僑儖僼僱僢僩儚乕僋	僗僇僷乕両丂俠俽俀	7	28960	262	1	0	1	1
嬧壨仧楌僪儔丒僒僗儁	僗僇僷乕両丂俠俽俀	7	28960	305	1	0	1	1
彈惈們倛乛俴倎俴倎	僗僇僷乕両丂俠俽俀	7	28960	314	1	0	1	1
僼僕僥儗價俷俶俤	僗僇僷乕両丂俠俽俀	7	28992	307	1	0	1	1
僼僕僥儗價俿倂俷	僗僇僷乕両丂俠俽俀	7	28992	308	1	0	1	1
僼僕僥儗價俶俤倃俿	僗僇僷乕両丂俠俽俀	7	28992	309	1	0	1	1
僗儁乕僗僔儍儚乕俿倁	僗僇僷乕両丂俠俽俀	7	28992	322	1	0	1	1
俻倁俠	僗僇僷乕両丂俠俽俀	7	29024	161	1	0	1	1
俿俛俽僠儍儞僱儖俀	僗僇僷乕両丂俠俽俀	7	29024	297	1	0	1	1
俥俷倃	僗僇僷乕両丂俠俽俀	7	29024	312	1	0	1	1
俿俛俽丂俶俤倂俽	僗僇僷乕両丂俠俽俀	7	29024	351	1	0	1	1
塮夋丒們倛俶俤俠俷	僗僇僷乕両丂俠俽俀	7	29056	223	1	0	1	1
擔僥儗僕乕僞僗	僗僇僷乕両丂俠俽俀	7	29056	257	1	0	1	1
俵俷俶俢俷丂俿倁	僗僇僷乕両丂俠俽俀	7	29056	295	1	0	1	1
擔僥儗僾儔僗	僗僇僷乕両丂俠俽俀	7	29056	300	1	0	1	1
僥儗嬍侾	僥儗嬍	32295	32295	29752	1	0	1	1
僥儗嬍俀	僥儗嬍	32295	32295	29753	1	0	1	1
僥儗嬍俁	僥儗嬍	32295	32295	29754	1	0	1	1
僥儗嬍実懷	僥儗嬍	32295	32295	30136	192	1	0	0
俰丗俠俷俵僠儍儞僱儖	俰丗俠俷俵僠儍儞僱儖	32303	32303	29816	1	0	1	1
俰丗俠俷俵僠儍儞僱儖	俰丗俠俷俵僠儍儞僱儖	32303	32303	29817	1	0	1	1
俰丗俠俷俵僠儍儞僱儖	俰丗俠俷俵僠儍儞僱儖	32303	32303	29818	1	0	1	1
倲倴倠侾	倲倴倠	32375	32375	24632	1	0	1	1
倲倴倠俀	倲倴倠	32375	32375	24633	1	0	1	1
倲倴倠俁	倲倴倠	32375	32375	24634	1	0	1	1
倲倴倠儚儞僙僌侾	倲倴倠	32375	32375	25016	192	1	0	0
倲倴倠儚儞僙僌俀	倲倴倠	32375	32375	25017	192	1	0	0
俿俷俲倄俷丂俵倃侾	俿俷俲倄俷丂俵倃	32391	32391	23608	1	0	1	1
俿俷俲倄俷丂俵倃侾	俿俷俲倄俷丂俵倃	32391	32391	23609	1	0	1	1
俿俷俲倄俷丂俵倃俀	俿俷俲倄俷丂俵倃	32391	32391	23610	1	0	1	1
俿俷俲倄俷丂俵倃椪帪	俿俷俲倄俷丂俵倃	32391	32391	23615	161	0	0	0
俵倃儚儞僙僌侾	俿俷俲倄俷丂俵倃	32391	32391	23992	192	1	0	0
俵倃儚儞僙僌俀	俿俷俲倄俷丂俵倃	32391	32391	23993	192	1	0	0
俰丗俠俷俵僥儗價	俰丗俠俷俵僥儗價	32397	32397	23656	1	0	1	1
俰丗俠俷俵僥儗價	俰丗俠俷俵僥儗價	32397	32397	23657	1	0	1	1
俶俫俲憤崌侾丒搶嫗	俶俫俲憤崌丒搶嫗	32736	32736	1024	1	0	1	1
俶俫俲憤崌俀丒搶嫗	俶俫俲憤崌丒搶嫗	32736	32736	1025	1	0	1	1
俶俫俲実懷俧丒搶嫗	俶俫俲憤崌丒搶嫗	32736	32736	1408	192	1	0	0
俶俫俲俤僥儗侾搶嫗	俶俫俲俤僥儗搶嫗	32737	32737	1032	1	0	1	1
俶俫俲俤僥儗俀搶嫗	俶俫俲俤僥儗搶嫗	32737	32737	1033	1	0	1	1
俶俫俲俤僥儗俁搶嫗	俶俫俲俤僥儗搶嫗	32737	32737	1034	1	0	1	1
俶俫俲実懷俀	俶俫俲俤僥儗搶嫗	32737	32737	1416	192	1	0	0
擔僥儗侾	擔杮僥儗價	32738	32738	1040	1	0	1	1
擔僥儗俀	擔杮僥儗價	32738	32738	1041	1	0	1	1
擔僥儗椪帪	擔杮僥儗價	32738	32738	1044	161	0	0	0
擔杮僥儗價	擔杮僥儗價	32738	32738	1424	192	1	0	0
俿俛俽侾	俿俛俽	32739	32739	1048	1	0	1	1
俿俛俽俀	俿俛俽	32739	32739	1049	1	0	1	1
俧僈僀僪	俿俛俽	32739	32739	1183	192	0	0	0
俿俛俽	俿俛俽	32739	32739	1432	192	1	0	0
僼僕僥儗價	僼僕僥儗價僕儑儞	32740	32740	1056	1	0	1	1
僼僕僥儗價	僼僕僥儗價僕儑儞	32740	32740	1057	1	0	1	1
僼僕僥儗價	僼僕僥儗價僕儑儞	32740	32740	1058	1	0	1	1
僼僕僥儗價椪帪	僼僕僥儗價僕儑儞	32740	32740	1060	161	0	0	0
僼僕僥儗價	僼僕僥儗價僕儑儞	32740	32740	1440	192	1	0	0
僥儗價挬擔	僥儗價挬擔	32741	32741	1064	1	0	1	1
僥儗價挬擔	僥儗價挬擔	32741	32741	1065	1	0	1	1
僥儗價挬擔	僥儗價挬擔	32741	32741	1066	1	0	1	1
僥儗價挬擔	僥儗價挬擔	32741	32741	1448	192	1	0	0
僥儗價搶嫗侾	僥儗價搶嫗	32742	32742	1072	1	0	1	1
僥儗價搶嫗俀	僥儗價搶嫗	32742	32742	1073	1	0	1	1
僥儗價搶嫗俁	僥儗價搶嫗	32742	32742	1074	1	0	1	1
椪帪僒乕價僗	僥儗價搶嫗	32742	32742	1078	161	0	0	0
僥儗價搶嫗実懷	僥儗價搶嫗	32742	32742	1456	192	1	0	0
